{
    "n": 25,
    "m": 2,
    "S": 15,
    "xCord": [50, 66, 85, 73, 76, 41, 46, 42, 6, 90, 60, 37, 22, 19, 49, 68, 89, 8, 92, 100, 32, 84, 63, 2, 8, 100],
    "yCord": [50, 80, 67, 25, 5, 23, 47, 14, 88, 70, 60, 60, 8, 55, 80, 25, 85, 4, 32, 97, 90, 83, 78, 1, 65, 43],
    "dist": [[0, 34, 38.91015292, 33.9705755, 51.97114584, 28.46049894, 5, 36.87817783, 58.13776741, 44.72135955, 14.14213562, 16.40121947, 50.47771786, 31.40063694, 30.01666204, 30.8058436, 52.40229003, 62.28964601, 45.69463864, 68.62215386, 43.8634244, 47.38143096, 30.87069808, 68.59300256, 44.59820624, 50.48762225], [34, 0, 23.02172887, 55.4436651, 75.66372975, 62.24146528, 38.58756276, 70.22819946, 60.5309838, 26, 20.88061302, 35.22782991, 84.38009244, 53.23532662, 17, 55.03635162, 23.53720459, 95.60334722, 54.58937626, 38.01315562, 35.44009029, 18.24828759, 3.605551275, 101.6710382, 59.9082632, 50.24937811], [38.91015292, 23.02172887, 0, 43.68065934, 62.64982043, 62.22539674, 43.829214, 68.24954212, 81.74350127, 5.830951895, 25.96150997, 48.50773134, 86.31338251, 67.08203932, 38.27531842, 45.31004304, 18.43908891, 99.48869282, 35.6931366, 33.54101966, 57.7754273, 16.03121954, 24.59674775, 106.0424443, 77.02596965, 28.3019434], [33.9705755, 55.4436651, 43.68065934, 0, 20.22374842, 32.06243908, 34.82814953, 32.89376841, 91.96738552, 48.10405388, 37.33630941, 50.20956084, 53.75872022, 61.77378085, 60.00833275, 5, 62.09669879, 68.30812543, 20.24845673, 76.89603371, 76.85050423, 59.03388857, 53.93514624, 74.94664769, 76.32168761, 32.44996148], [51.97114584, 75.66372975, 62.64982043, 20.22374842, 0, 39.35733731, 51.6139516, 35.17101079, 108.5771615, 66.49060084, 57.28001397, 67.42403132, 54.08326913, 75.82216035, 79.71198153, 21.54065923, 81.04936767, 68.00735254, 31.38470965, 95.07891459, 95.713113, 78.40918314, 74.14849965, 74.10802925, 90.68627239, 44.94441011], [28.46049894, 62.24146528, 62.22539674, 32.06243908, 39.35733731, 0, 24.51530134, 9.055385138, 73.8241153, 67.89698079, 41.59326869, 37.21558813, 24.20743687, 38.83297568, 57.55866572, 27.07397274, 78.40918314, 38.07886553, 51.7880295, 94.64142856, 67.60177512, 73.81734214, 59.23681288, 44.77722635, 53.41348144, 62.29767251], [5, 38.58756276, 43.829214, 34.82814953, 51.6139516, 24.51530134, 0, 33.24154028, 57.28001397, 49.64876635, 19.10497317, 15.8113883, 45.79301257, 28.16025568, 33.13608305, 31.11269837, 57.38466694, 57.38466694, 48.38388161, 73.59347797, 45.22167622, 52.34500931, 35.35533906, 63.65532185, 42.04759208, 54.14794548], [36.87817783, 70.22819946, 68.24954212, 32.89376841, 35.17101079, 9.055385138, 33.24154028, 0, 82.29216245, 73.75635566, 49.39635614, 46.27094121, 20.88061302, 47.01063709, 66.37017402, 28.23118843, 85.14693183, 35.44009029, 53.14132102, 101.2570985, 76.65507159, 80.77747211, 67.35725648, 42.05948169, 61.29437168, 64.84597135], [58.13776741, 60.5309838, 81.74350127, 91.96738552, 108.5771615, 73.8241153, 57.28001397, 82.29216245, 0, 85.90692638, 60.8276253, 41.77319715, 81.58431222, 35.4682957, 43.73785546, 88.39117603, 83.05419917, 84.02380615, 102.6255329, 94.42986816, 26.07680962, 78.16009212, 57.87054518, 87.09190548, 23.08679276, 104.2161216], [44.72135955, 26, 5.830951895, 48.10405388, 66.49060084, 67.89698079, 49.64876635, 73.75635566, 85.90692638, 0, 31.6227766, 53.93514624, 92.02173656, 72.56721023, 42.20189569, 50.08991915, 15.03329638, 105.2615789, 38.05259518, 28.7923601, 61.3514466, 14.31782106, 28.16025568, 111.8257573, 82.15229759, 28.7923601], [14.14213562, 20.88061302, 25.96150997, 37.33630941, 57.28001397, 41.59326869, 19.10497317, 49.39635614, 60.8276253, 31.6227766, 0, 23, 64.40496875, 41.30375286, 22.82542442, 35.90264614, 38.28837944, 76.4198927, 42.52058325, 54.4885309, 41.03656906, 33.24154028, 18.24828759, 82.73451517, 52.23983155, 43.46262762], [16.40121947, 35.22782991, 48.50773134, 50.20956084, 67.42403132, 37.21558813, 15.8113883, 46.27094121, 41.77319715, 53.93514624, 23, 0, 54.12023651, 18.68154169, 23.32380758, 46.75467891, 57.69748695, 63.0634601, 61.7170965, 73.06161783, 30.41381265, 52.32590181, 31.6227766, 68.60029154, 29.42787794, 65.2533524], [50.47771786, 84.38009244, 86.31338251, 53.75872022, 54.08326913, 24.20743687, 45.79301257, 20.88061302, 81.58431222, 92.02173656, 64.40496875, 54.12023651, 0, 47.09564736, 76.89603371, 49.04079934, 102.0686044, 14.56021978, 74, 118.3427226, 82.60750571, 97.30878686, 81.12336285, 21.1896201, 58.69412236, 85.49268975], [31.40063694, 53.23532662, 67.08203932, 61.77378085, 75.82216035, 38.83297568, 28.16025568, 47.01063709, 35.4682957, 72.56721023, 41.30375286, 18.68154169, 47.09564736, 0, 39.05124838, 57.45432969, 76.15773106, 52.17278984, 76.53757247, 91.24143795, 37.33630941, 70.77428912, 49.64876635, 56.61271942, 14.86606875, 81.88406438], [30.01666204, 17, 38.27531842, 60.00833275, 79.71198153, 57.55866572, 33.13608305, 66.37017402, 43.73785546, 42.20189569, 22.82542442, 23.32380758, 76.89603371, 39.05124838, 0, 58.1893461, 40.31128874, 86.3539229, 64.44377394, 53.75872022, 19.72308292, 35.12833614, 14.14213562, 91.92388155, 43.65775991, 63.00793601], [30.8058436, 55.03635162, 45.31004304, 5, 21.54065923, 27.07397274, 31.11269837, 28.23118843, 88.39117603, 50.08991915, 35.90264614, 46.75467891, 49.04079934, 57.45432969, 58.1893461, 0, 63.5688603, 63.5688603, 25, 78.79086241, 74.30343195, 60.16643583, 53.23532662, 70.22819946, 72.11102551, 36.7151195], [52.40229003, 23.53720459, 18.43908891, 62.09669879, 81.04936767, 78.40918314, 57.38466694, 85.14693183, 83.05419917, 15.03329638, 38.28837944, 57.69748695, 102.0686044, 76.15773106, 40.31128874, 63.5688603, 0, 114.5512986, 53.08483776, 16.2788206, 57.218878, 5.385164807, 26.92582404, 120.9338662, 83.43260753, 43.41658669], [62.28964601, 95.60334722, 99.48869282, 68.30812543, 68.00735254, 38.07886553, 57.38466694, 35.44009029, 84.02380615, 105.2615789, 76.4198927, 63.0634601, 14.56021978, 52.17278984, 86.3539229, 63.5688603, 114.5512986, 0, 88.54377448, 130.8166656, 89.28605714, 109.6220781, 92.20086767, 6.708203932, 61, 99.92497185], [45.69463864, 54.58937626, 35.6931366, 20.24845673, 31.38470965, 51.7880295, 48.38388161, 53.14132102, 102.6255329, 38.05259518, 42.52058325, 61.7170965, 74, 76.53757247, 64.44377394, 25, 53.08483776, 88.54377448, 0, 65.49045732, 83.45058418, 51.623638, 54.3783045, 95.18928511, 90.24965374, 13.60147051], [68.62215386, 38.01315562, 33.54101966, 76.89603371, 95.07891459, 94.64142856, 73.59347797, 101.2570985, 94.42986816, 28.7923601, 54.4885309, 73.06161783, 118.3427226, 91.24143795, 53.75872022, 78.79086241, 16.2788206, 130.8166656, 65.49045732, 0, 68.35934464, 21.26029163, 41.59326869, 137.1860051, 97.4063653, 54], [43.8634244, 35.44009029, 57.7754273, 76.85050423, 95.713113, 67.60177512, 45.22167622, 76.65507159, 26.07680962, 61.3514466, 41.03656906, 30.41381265, 82.60750571, 37.33630941, 19.72308292, 74.30343195, 57.218878, 89.28605714, 83.45058418, 68.35934464, 0, 52.46903849, 33.24154028, 93.92017888, 34.6554469, 82.66196223], [47.38143096, 18.24828759, 16.03121954, 59.03388857, 78.40918314, 73.81734214, 52.34500931, 80.77747211, 78.16009212, 14.31782106, 33.24154028, 52.32590181, 97.30878686, 70.77428912, 35.12833614, 60.16643583, 5.385164807, 109.6220781, 51.623638, 21.26029163, 52.46903849, 0, 21.58703314, 115.9655121, 78.10249676, 43.08131846], [30.87069808, 3.605551275, 24.59674775, 53.93514624, 74.14849965, 59.23681288, 35.35533906, 67.35725648, 57.87054518, 28.16025568, 18.24828759, 31.6227766, 81.12336285, 49.64876635, 14.14213562, 53.23532662, 26.92582404, 92.20086767, 54.3783045, 41.59326869, 33.24154028, 21.58703314, 0, 98.23441352, 56.5154846, 50.93132631], [68.59300256, 101.6710382, 106.0424443, 74.94664769, 74.10802925, 44.77722635, 63.65532185, 42.05948169, 87.09190548, 111.8257573, 82.73451517, 68.60029154, 21.1896201, 56.61271942, 91.92388155, 70.22819946, 120.9338662, 6.708203932, 95.18928511, 137.1860051, 93.92017888, 115.9655121, 98.23441352, 0, 64.28063472, 106.6208235], [44.59820624, 59.9082632, 77.02596965, 76.32168761, 90.68627239, 53.41348144, 42.04759208, 61.29437168, 23.08679276, 82.15229759, 52.23983155, 29.42787794, 58.69412236, 14.86606875, 43.65775991, 72.11102551, 83.43260753, 61, 90.24965374, 97.4063653, 34.6554469, 78.10249676, 56.5154846, 64.28063472, 0, 94.59386872], [50.48762225, 50.24937811, 28.3019434, 32.44996148, 44.94441011, 62.29767251, 54.14794548, 64.84597135, 104.2161216, 28.7923601, 43.46262762, 65.2533524, 85.49268975, 81.88406438, 63.00793601, 36.7151195, 43.41658669, 99.92497185, 13.60147051, 54, 82.66196223, 43.08131846, 50.93132631, 106.6208235, 94.59386872, 0]]}